image_width: 640
image_height: 480
camera_name: black
camera_matrix:
  rows: 3
  cols: 3
  data: [908.85639,   0.     , 294.13189,
           0.     , 910.47871, 220.93895,
           0.     ,   0.     ,   1.     ]
distortion_model: plumb_bob
distortion_coefficients:
  rows: 1
  cols: 5
  data: [0.092251, 0.116549, -0.004196, -0.011797, 0.000000]
rectification_matrix:
  rows: 3
  cols: 3
  data: [1., 0., 0.,
         0., 1., 0.,
         0., 0., 1.]
projection_matrix:
  rows: 3
  cols: 4
  data: [926.96299,   0.     , 290.65343,   0.     ,
           0.     , 933.55926, 220.13885,   0.     ,
           0.     ,   0.     ,   1.     ,   0.     ]
