# oST version 5.0 parameters


[image]

width
640

height
480

[narrow_stereo]

camera matrix
908.856387 0.000000 294.131893
0.000000 910.478713 220.938953
0.000000 0.000000 1.000000

distortion
0.092251 0.116549 -0.004196 -0.011797 0.000000

rectification
1.000000 0.000000 0.000000
0.000000 1.000000 0.000000
0.000000 0.000000 1.000000

projection
926.962994 0.000000 290.653430 0.000000
0.000000 933.559258 220.138855 0.000000
0.000000 0.000000 1.000000 0.000000
