# oST version 5.0 parameters


[image]

width
640

height
480

[narrow_stereo]

camera matrix
891.888953 0.000000 330.211443
0.000000 865.000151 206.700931
0.000000 0.000000 1.000000

distortion
0.131248 -0.363828 0.001266 0.006450 0.000000

rectification
1.000000 0.000000 0.000000
0.000000 1.000000 0.000000
0.000000 0.000000 1.000000

projection
902.832543 0.000000 332.751727 0.000000
0.000000 879.091188 207.030475 0.000000
0.000000 0.000000 1.000000 0.000000
