image_width: 640
image_height: 480
camera_name: narrow_stereo
camera_matrix:
  rows: 3
  cols: 3
  data: [891.88895,   0.     , 330.21144,
           0.     , 865.00015, 206.70093,
           0.     ,   0.     ,   1.     ]
distortion_model: plumb_bob
distortion_coefficients:
  rows: 1
  cols: 5
  data: [0.131248, -0.363828, 0.001266, 0.006450, 0.000000]
rectification_matrix:
  rows: 3
  cols: 3
  data: [1., 0., 0.,
         0., 1., 0.,
         0., 0., 1.]
projection_matrix:
  rows: 3
  cols: 4
  data: [902.83254,   0.     , 332.75173,   0.     ,
           0.     , 879.09119, 207.03047,   0.     ,
           0.     ,   0.     ,   1.     ,   0.     ]
